
3_john.json: 1 chapters, 14 total verses
  Per-chapter: [14]

ezekiel.json: 48 chapters, 1273 total verses
  Per-chapter: [28, 10, 27, 17, 17, 14, 27, 18, 11, 22, 25, 28, 23, 23, 8, 63, 24, 32, 14, 49, 32, 31, 49, 27, 17, 21, 36, 26, 21, 26, 18, 32, 33, 31, 15, 38, 28, 23, 29, 49, 26, 20, 27, 31, 25, 24, 23, 35]

isaiah.json: 66 chapters, 1292 total verses
  Per-chapter: [31, 22, 26, 6, 30, 13, 25, 22, 21, 34, 16, 6, 22, 32, 9, 14, 14, 7, 25, 6, 17, 25, 18, 23, 12, 21, 13, 29, 24, 33, 9, 20, 24, 17, 10, 22, 38, 22, 8, 31, 29, 25, 28, 28, 25, 13, 15, 22, 26, 11, 23, 15, 12, 17, 13, 12, 21, 14, 21, 22, 11, 12, 19, 12, 25, 24]

matthew.json: 28 chapters, 1071 total verses
  Per-chapter: [25, 23, 17, 25, 48, 34, 29, 34, 38, 42, 30, 50, 58, 36, 39, 28, 27, 35, 30, 34, 46, 46, 39, 51, 46, 75, 66, 20]

proverbs.json: 31 chapters, 915 total verses
  Per-chapter: [33, 22, 35, 27, 23, 35, 27, 36, 18, 32, 31, 28, 25, 35, 33, 33, 28, 24, 29, 30, 31, 29, 35, 34, 28, 28, 27, 28, 27, 33, 31]

psalms.json: 150 chapters, 2461 total verses
  Per-chapter: [6, 12, 8, 8, 12, 10, 17, 9, 20, 18, 7, 8, 6, 7, 5, 11, 15, 50, 14, 9, 13, 31, 6, 10, 22, 12, 14, 9, 11, 12, 24, 11, 22, 22, 28, 12, 40, 22, 13, 17, 13, 11, 5, 26, 17, 11, 9, 14, 20, 23, 19, 9, 6, 7, 23, 13, 11, 11, 17, 12, 8, 12, 11, 10, 13, 20, 7, 35, 36, 5, 24, 20, 28, 23, 10, 12, 20, 72, 13, 19, 16, 8, 18, 12, 13, 17, 7, 18, 52, 17, 16, 15, 5, 23, 11, 13, 12, 9, 9, 5, 8, 28, 22, 35, 45, 48, 43, 13, 31, 7, 10, 10, 9, 8, 18, 19, 2, 29, 176, 7, 8, 9, 4, 8, 5, 6, 5, 6, 8, 8, 3, 18, 3, 3, 21, 26, 9, 8, 24, 13, 10, 7, 12, 15, 21, 10, 20, 14, 9, 6]

romans.json: 16 chapters, 433 total verses
  Per-chapter: [32, 29, 31, 25, 21, 23, 25, 39, 33, 21, 36, 21, 14, 23, 33, 27]

==================================================
  ENGLISH BIBLE TOTAL VERSES: 31,102
  KJV FULL BIBLE TARGET:       31,102
  DIFFERENCE:                  +0
==================================================
